+779785167402
+779788736872
+779787269365
+779788988215
+779189214384
+779786439390
+779900008254
+779202188309
+779515643661
+779789252827
+779785065082
+779782915237
+779613292483
+779900258013
+779788343810
+779782802474
+779787173559
+779786184312
+779781271569
+779780320199
+779787873276
+779788768816
+779490661468
+779787158218
+779785945384
+779788134978
+779788414674
+779900311084
+779788485412
+779184635506
+779788669501
+779085050438
+779591042163
+779900007895
+779781064333
+779787139226
+779064265862
+779788802592
+779892314991
+779788062984
+779788614810
+779189873407
+779785062058
+779900798595
+779151149210
+779785886088
+779787349822
+779780412670
+779788658814
+779785204779
+779786967656
+779183519564
+779788015922
+779785882732
+779788357854
+779788668045
+779787050056
+779787520749
+779784476863
+779789757910
+779787905487
+779788089222
+779180826592
+779785670317
+779788727015
+779259622177
+779787962893
+779788263122
+779787664958
+779181872474
+779788611238
+779785166521
+779787433959
+779782963307
+779034363463
+779787547678
+779782339644
+779786248679
+779881378192
+779785010165
+779788139482
+779784647443
+779788362256
+779785845955
+779787852894
+779789617656
+779786273700
+779780975152
+779787010955
+779787140796
+779787731079
+779900345108
+779787809458
+779181766998
+779787725964
+779781794320
+779180476641
+779787285348
+779787104767
+779788627518
+779780406913
+779515599125
+7380681977827
+779788498520
+779180890788
+779787670626
+779064324895
+779182994775
+779281731636
+779034551598
+779897705205
+779788224626
+779787380494
+779787586802
+779789297817
+779181146287
+779789863314
+779901254168
+779785127319
+779789085580
+779154759678
+779887652345
+779044484300
+779182857518
+779186361356
+779787541462
+779782014468
+779787907603
+779785635097
+779789747122
+779381008141
+779614158007
+779788949166
+779781859406
+779788928698
+779184443888
+779781253075
+779785913381
+779788934518
+779784652713
+779186244109
+779880816933
+779785985267
+779872971004
+779172086262
+779384308425
+779788411612
+779180120646
+779784565941
+779286207085
+779781130107
+779883322516
+779789789652
+779494052289
+779780518756
+779787833758
+779788236480
+779780544062
+779883457150
+779204144564
+779181138922
+779788724399
+779384811597
+779900657987
+779883334117
+779788615696
+779287662535
+779786815826
+779785602389
+779788474140
+779381073316
+779782494779
+779780632093
+779787678453
+779784532983
+779785012370
+779788377524
+779787378555
+779788905354
+779786968071
+779782879347
+779786051120
+779787907324
+779493665832
+779785341655
+779787556150
+779788503109
+779507698620
+779284089695
+779785309699
+779785337391
+779787354446
+779193925868
+779785121245
+779182783545
+779788821772
+779780726605
+779788832241
+779615086124
+779186429395
+779787540384
+779883887849
+779788851738
+779184890605
+779782809461
+779183494435
+779788509173
+779787580742
+779282087003
+779788716034
+779788401152
+779785852386
+779781623002
+779781640403
+779787037771
+779787580677
+779182843736
+779902023258
+779891420294
+779788669139
+779789530002
+779515579188
+779788570153
+779180915016
+779901008282
+779605286189
+779086884475
+779783195407
+779781316621
+779788879061
+779880838616
+779397811955
+779785629550
+779952079824
+779780859807
+779788570549
+779515589122
+779783164419
+779184813024
+779788394644
+779281783024
+779884716120
+779788626179
+779281747707
+779786374591
+779787090975
+779184371785
+779788217165
+779788951088
+779010060637
+779010148309
+779054040717
+779054710100
+779181824699
+779182488378
+779183830098
+779184811270
+779184982134
+779185249699
+779186261956
+779186994933
+779189409596
+779189812004
+779284052889
+779508588089
+779515315216
+779515596860
+779518494050
+779615880913
+779628640285
+779780016974
+779780659583
+779781009082
+779781372301
+779781395979
+779781420393
+779781918120
+779782135785
+779785029772
+779785303394
+779785784772
+779786281165
+779786519982
+779787020843
+779787174612
+779787216171
+779787274973
+779787667370
+779787710706
+779787728865
+779787743464
+779787756299
+779787801072
+779787895963
+779787919899
+779788104678
+779788129014
+779788138859
+779788142616
+779788230351
+779788319992
+779788494201
+779788635364
+779788663265
+779788729734
+779788739945
+779788759622
+779788798035
+779790056118
+779809077038
+779882450770
+779887655787
+779892841625
+779900285370
+779900285743
+779996976619
+779780230377
+779787800593
+779788824966
+779787679403
+779782059724
+779102411242
+779184747744
+779787241630
+779784671944
+779204291452
+779183718028
+779788767222
+779281849997
+779094434240
+779786427919
+779184346173
+779182585741
+779186719223
+779788158103
+779181863735
+779298168863
+779789626583
+779785050300
+779789686831
+779614193690
+779182499787
+779787633592
+779787019703
+779788166058
+779788662650
+779787417040
+779786228531
+779786259767
+779788598417
+779786844171
+779785118439
+779785240383
+779788134986
+779787401647
+779009477277
+779781824757
+779180510018
+779787425220
+779787960091
+779787545725
+779198861010
+779788914502
+779009271865
+779789140476
+779381516430
+779782359920
+779787623554
+779180294000
+779992578222
+779281343600
+779787463417
+779787380751
+779788759439
+779785882944
+779781327821
+779886717379
+779525861397
+779184067485
+779384117688
+779204523173
+779788135852
+779789149358
+779789059806
+779184980691
+779788754548
+779782054782
+779780547694
+779181724104
+779788919029
+779495991556
+779781498225
+779900342742
+779787843809
+779787617088
+779787549350
+779781746439
+779780374629
+779056583729
+779787254805
+779787554991
+779184833438
+779785858676
+779184645448
+779528549135
+779281926072
+779169250879
+779788303906
+779782402274
+779787174359
+779782921927
+779284214127
+779183395757
+779787544828
+779183237483
+779785481864
+779782272185
+779900229601
+779092422221
+779785005717
+779787005012
+779786165192
+779182956186
+779787195346
+779184372907
+779788396198
+779780043038
+779787525256
+779787089941
+779189863598
+779881361919
+779892401594
+779897655633
+779788005674
+779189560438
+779788952495
+779997171866
+779113757055
+779788479645
+779788834116
+779054580752
+779780484200
+779782107545
+779890853777
+779284258016
+779898055702
+779183682777
+779787688478
+779780058737
+779788851362
+779883525746
+779182183606
+779957589277
+779786645432
+779787565242
+779889921225
+779180577826
+779787329578
+779900084090
+779786077538
+779197240796
+779788653728
+779787876691
+779788264807
+779185241634
+779895237730
+779184494818
+779528552183
+779781654357
+779782833688
+779788302215
+779186489243
+779066702359
+779054554051
+779281497880
+779780680894
+779901270929
+779788568774
